00000000000000000000000000000000000000000000000000000000000000000000000000000000000000000000000000000000000000000000000000000000
00000000000000000000000000000000000000000000000000000000000000000000000000000000000000000000000000000000000000000000000000000000
00000000000000000000000000000000000000000000000000000000000000000000000000000000000000000000000000000000000000000000000000000000
00000000000000000000000000000000000000000000000000000000000000000000000000000000000000000000000000000000000000000000000000000000
00000000000000000000000000000000000000000000000000000000100101010100100000000000000000000000000000000000000000000000000000000000
00000000000000000000000000000000000000000000000000000100100000000000010100100000000000000000000000000000000000000000000000000000
00000000000000000000000000000000000000000000000001010000001010101010000000001000000000000000000000000000000000000000000000000000
00000000000000000000000000000000000000000000001000000010100000000001010101000001000000000000000000000000000000000000000000000000
00000000000000000000000000000000000000000000010010010100010101010100000000101000010000000000000000000000000000000000000000000000
00000000000000000000000000000000000000000010000001000010010001000001010100000010000000000000000000000000000000000000000000000000
00000000000000000000000000000000000000000000100100010001000100101010000101010000101010000000000000000000000000000000000000000000
00000000000000000000000000000000000000001000100001001000100100010001010000010100000000000000000000000000000000000000000000000000
00000000000000000000000000000000000000010000001010010101001001001010001010000010100101000000000000000000000000000000000000000000
00000000000000000000000000000000000010000101010001000000100100100000100010101000100000101000000000000000000000000000000000000000
00000000000000000000000000000000000000010000001010010101001001001010010100010010001000000010000000000000000000000000000000000000
00000000000000000000000000000000000010000101000010010001001001001001000001000001000010010000000000000000000000000000000000000000
00000000000000000000000000000000000000100000101001001000100100100100101010010100010000000101000000000000000000000000000000000000
00000000000000000000000000000000001000001010001000100100100100100100100010010010000000100000001000000000000000000000000000000000
00000000000000000000000000000000100010100001000101001010010010001001001000100100100000000101000010000000000000000000000000000000
00000000000000000000000000000000000000101001010000100010010001001001001010000100010000000000010001000000000000000000000000000000
00000000000000000000000000000101001010000100001010001000100100100010010001010001000000000101000100100000000000000000000000000000
00000000000000000000000000000000000000100010100001001010010010010010000100000100010010000000100000100000000000000000000000000000
00000000000000000000000000010101010101001000010100100001001001001001010010101001000000000000001010010000000000000000000000000000
00000000000000000000000000000000000000100101000100101001001001001000010010001000101001000100100000010000000000000000000000000000
00000000000000000000000001010001010101001000100001000100010000010010100001000010000000000000001010101000000000000000000000000000
00000000000000000000000001001000000001000010010100010001001010001000010100101000100100100001000000000100000000000000000000000000
00000000000000000000000001000010101000101000100001001010010001000101000010000101001000001000010101010100000000000000000000000000
00000000000000000000000001010000001010001010001001000000000100100000101001010000000101000010000000000100000000000000000000000000
00000000000000000000000100000101000001000001010010010101010001001010000010001010100000010000101010101010000000000000000000000000
00000000000000000000000010100000101000101000000001000000001000100000101000100000010101000100000100000010000000000000000000000000
00000000000000000000001010001001000101000101010100010101000010001010000010010101000000010001001001010101000000000000000000000000
00000000000000000000001001001000010000010000000010000000010001000001010010000001010101001001000100010001000000000000000000000000
00000000000000000000000100000010100101000101000000101010000100010000000000101000001000010010010001001010000000000000000000000000
00000000000000000000010010101000010000010000010100000000100010000101010100001010100010010001000100100101100000000000000000000000
00000000000000000000001000000101001010100101000001001001000000100000000010000001001001001010010001001010000000000000000000000000
00000000000000000000001001010000100000100000001000000000100100010101010010101000100100100010101000100001100000000000000000000000
00000000000000000000010010001010001010001010100010010000000001000000000000001010010010010000010010010110010000000000000000000000
00000000000000000000010001000010100001000000000000000100101000010010101010100001001001001010010010010010100000000000000000000000
00000000000000000000101000101000010000101001010010010000000010000000000000001010010010010101001001001010100000000000000000000000
00000000000000000000100100001010010100001000010000000100100000101010101010100000010010100001001001001001010000000000000000000000
00000000000000000000010010100001000010000010000101000000001000000000000000010101000100010100100100100101010000000000000000000000
00000000000000000000101000010100010010101000100000010101000101001010101010001000100101000100100010010101010000000000000000000000
00000000000000000000100101001001001000000010001010000000010000000000000010100010010000101001001001001001010000000000000000000000
00000000000000000000010001001001000101010001000001001010000101010101010000001001000101000100100101001010101000000000000000000000
00000000000000000000100100100010010000001000010000010000100000000000001010100100010000101001001001010010100000000000000000000000
00000000000000000000010010010010000101001010001010000100001010100101000000100010010100001000100010001001011000000000000000000000
00000000000000000001001001001000101000100001000001000001000000001000010010001001000010100010010100100101010000000000000000000000
00000000000000000000100100100010000010001000101000101000010101000010000000100100101000010010000101010010101000000000000000000000
00000000000000000000101001001001010100100101000010000010000000010000010010001001010101001001010010010100101000000000000000000000
00000000000000000000001001001001000010010000101001000000000100000100000001000100101010110101001001010010101000000000000000000000
00000000000000000001010000100010010001001010010000010010000000100000101000010101010110101010101010001001010000000000000000000000
00000000000000000000010100010001001010101010101101001000101000000100000010101011011010101101010010100100101000000000000000000000
00000000000000000001000010100100101010101011010110101010000010010001010101010101100110110101001001001001010000000000000000000000
00000000000000000000101000100100101011101101011010101001010000000000100101011101010010010101010100100100101010000000000000000000
00000000000000000000100100010010010100101010100110101010001010010101010101010010000101010101101010010010100100000000000000000000
00000000000000000000100101001001010101010010010101010101100010000000010101010100100000010101010101001001010101000000000000000000
00000000000000000001010000100101010101001000000010010100010100101010101010101010101101010100101010100100100100000000000000000000
00000000000000000100101010010001010101000101010010100010100100000010010010101011101110101010101010010010100101000000000000000000
00000000000000000010100001001010101010100000101010101010010001001001010101010100010101101010101001001001010010000000000000000000
00000000000000001001010100100000010100101110111011011010010100001001010101010011011101011101010100100100101001000000000000000000
00000000000000000010101001001110100010101011001100101010100101000101010101010010110101010010100101010010100100000000000000000000
00000000000000010000101000100010101001011001100110010100101000100001001010101010101010101010101001001000010011000000000000000000
00000000000000000101001010001000100101010011011101010101000101001010110101010100101010010101000100101011001000000000000000000000
00000000000000000000101000100100100101011001100101010100101001001001001010010010000001010101010010001001100101000000000000000000
00000000000000010101001010010010001010010100101000100101010100010010101010101001011010001001010101010010010100000000000000000000
00000000000000000001001001001001000001000010000010010101000101001001010101000101000101100100001000010010100010000000000000000000
00000000000000001000101010010010010101010100101010100001010000010010101001010000101000010010100101010100101010000000000000000000
00000000000000000100100010010001000000100101001000010100101010010010010101001010000101001010010010010010100010000000000000000000
00000000000000000010010100100100010101001000100010000101001001000101010100100100101001010001001001001000010100000000000000000000
00000000000000010001000100010010010001000100010001010000101001010001010101010001000100001001001001010101000100000000000000000000
00000000000000000100010101001001000100010001000100001010010010001010010100100100010001000100010010001010101000000000000000000000
00000000000000000101000100100100010001000100010010100001001001001010101010010001001001010010010010101000100100000000000000000000
00000000000000000000010010010010100100010001000100001010101010100010101010100100010000001001001001000101001000000000000000000000
00000000000000000101001010010010000101001001010010100000100100101000100101010010000101001001001001010100100100000000000000000000
00000000000000000000100100100100101000010000000100001010010010000101001010100100100000000100100100100101001000000000000000000000
00000000000000000010010010010001000010001010100001000010101001010000100101010010001000100010010010100100001000000000000000000000
00000000000000000000100100100100101001000000010010010101001010001010010100101001010000001001010100101001000000000000000000000000
00000000000000000000100010010100100100010010010000010001010000100001000010010101000101001001000101001010101000000000000000000000
00000000000000000000010001000010001001000100000010100100101010010100110101010010101000000100101001010010010000000000000000000000
00000000000000000010001000101001001000100000000010001010001001000000001001010100101010100100100101001001001000000000000000000000
00000000000000000000100001000100100100001001010101010010100100010010101010101010010100100010010010101010010000000000000000000000
00000000000000000000001000010100100101001000000100010010100101000001001010101011010010010010101001001001000000000000000000000000
00000000000000000000000010100010010000000010101001001001010100101010010101010100101010101000101010100100101000000000000000000000
00000000000000000000101000001010001010101000001001001010010010010001010101010111010101001010001001010010000000000000000000000000
00000000000000000000000010100010100001000101010100101001010101001010101010101001010101010010101010010100100000000000000000000000
00000000000000000000010000010010010100010001010010010101010101010101011011101110101010101010100101001010000000000000000000000000
00000000000000000000000101001001010010100100101010101010101101101010101010101011010101010001010010100100100000000000000000000000
00000000000000000000000000001010010010010010010101010101010101010101010101010101011010101100001001010100000000000000000000000000
00000000000000000000000101000010101001001010101010101010101010101010101010101010100110110011010101001000000000000000000000000000
00000000000000000000000000010010010101010010101011010110101010101010100010101010110101011000101010100100000000000000000000000000
00000000000000000000000001000101001001001001101100101001010000000000011010101010101010101010010010101000000000000000000000000000
00000000000000000000000000000001010101010100101011010101001011011011001000100010101010101010101001010100000000000000000000000000
00000000000000000000000000000101001000100101101010101010110100100100100010011011010010110001010101001010000000000000000000000000
00000000000000000000000000000010101010010100110101011010000000000000001001011010101001011100010101010010000000000000000000000000
00000000000000000000000000000001010101000101010101101101101101001001010110101010101010100010100101010101000000000000000000000000
00000000000000000000000000000001010010101001010100101010110101010101010010001010101010010100101001001001000000000000000000000000
00000000000000000000000000000000101010100100110110101010010101010100100100101010100101010010100101010010010000000000000000000000
00000000000000000000000000000001001010010010010010101011010010000100100001010101010010101001010101010101000000000000000000000000
00000000000000000000000000000000101001010100101100010101010100100000010101010101010101010100101010101010100000000000000000000000
00000000000000000000000000000000010101010010101010101010101011011111010101010101010101010101010010010001010000000000000000000000
00000000000000000000000000000001010100101010010101001010101010100000101010101010010010101010101010101010100000000000000000000000
00000000000000000000000000000000001010010010101101010010101001010110010010101010101010010101010101010100101000000000000000000000
00000000000000000000000000000000001010101001010101010101010100101001001001010101010101010101010101001010100000000000000000000000
00000000000000000000000000000000001010101010010101010010010101001000100101001010100100101010101010100100100100000000000000000000
00000000000000000000000000000000000101010101101010101010101010010101010010101010011010010101010101010101000000000000000000000000
00000000000000000000000100000000000010010100101010101010100101010101011010100101001011001010010101010010110000000000000000000000
00000000000000000000000000000000000010101010101010010101010101010101010101010101010000100101010101010101000100000000000000000000
00000000000000000100000000100010000001010101010101101001010101010101010101010010101101010101010101010100100001000000000000000000
00000000000000000000000000000000010001001010110101010101010101101010101010101010010001010101010010010101010000000000000000000000
00000000000000000000000000000000001000101010011010101101001010101010101101010101010101010101010101010101001000000100000000000000
00000000000000000000000000000000000010001010101010010011010101010101010101011010100010110101010101001010100001000000000000000000
00000000000100000001001000100100000001000011010101001001101011010101001010101010010010101010101010101010101000000000100000000000
00000000000000000000000000000000100100010010101010110101010101010100100101010010101001010101010101010101100001000100000000000000
00000000000000100000000010000000000000000000101010010101010101001010101001001001010101110101010101010100100000000000010000000000
00000000000000000000010000101000100100100010101101001010101010100010010101010100101010010101010100101011000100100000000000000000
00000000000000001000000000000100000000010000000101100001001000101001000100100101001010101010101010101001000000000100101000000000
00000000001000000000001000000000101000000010010101010100100101010101010010010010101011010101010101010110001000000000000000000000
00000000000000000100000100100100000010100010001010101010100101001010010010101000101010101010010101010101000010100000001000000000
00000000000000000000000000000000101000000000000101010100010001010001001000101010101010101010101001001000001000000100100000000000
00000000000100000000000000100000000010010010100101010101010100010100101010000101010101010101010101010101000000000000010000000000
00000000000000000010010010001001010000000000000010101010001001000010010001011010101010101010010101010000000100100000000000000000
00000000000000000000000000000000001001001001010010101011010100101001001010101010101010100101001010101000100000001000100000000000
00000000000001000000000000100000000000010000000001010101010101010110110101010101011010101010101001000010000100000000000000000000
00000000000000000000001000001010010100000010101000100101010101010101010101010101010101010010101010100000000001001001010000000000
00000000000000001000000000000000000001001000000101010101010101010101010101010101001010010100100100000100100000000000000000000000
00000000000000000010000100100100001000001000100000101010101010101010101010101010101010101010010101000000000100000000100000000000
00000000000000000000000000000000100000000010001001010101010101010101010100101010101010010101010000010010010001001000000000000000
00000000010000000001000010000100000101001001000000001001010101010010010010010010100101010010010100000000000000000000010000000000
